1.0   104395.45
1.1   105276.08
1.2   106156.7
1.3   107037.336
1.4   107917.96
1.5   108798.58
1.6   109647.055
1.7   110468.695
1.8   111289.555
1.9   112110.43
2.0   112931.29
2.1   113752.15
2.2   114573.01
2.3   115393.87
2.4   116214.734
2.5   117035.59
2.6   117856.45
2.7   118677.31
2.8   119498.18
2.9   120319.03
3.0   121139.9
3.1   121960.76
3.2   122781.62
3.3   123602.48
3.4   124423.34
3.5   125282.484
3.6   126143.78
3.7   126957.766
3.8   127510.71
3.9   128063.64
4.0   128616.586
4.1   129169.52
4.2   129628.56
4.3   130038.195
4.4   130571.414
4.5   131104.66
4.6   131764.69
4.7   132517.7
4.8   133271.81
4.9   134026.28
5.0   134694.05
5.1   135338.53
5.2   135982.98
5.3   136674.06
5.4   137617.16
5.5   138764.58
5.6   139838.39
5.7   141089.5
5.8   143147.56
5.9   147478.77
6.0   152458.95
6.1   155215.75
6.2   157438.97
6.3   159710.72
6.4   162110.36
6.5   164764.16
6.6   166256.25
6.7   167753.0
6.8   168461.06
6.9   169176.12
7.0   169367.77
7.1   169664.33
7.2   170314.56
7.3   170971.94
7.4   171483.45
7.5   172161.4
7.6   172909.56
7.7   174345.61
7.8   177370.31
7.9   181693.02
8.0   187926.48
8.1   193084.27
8.2   199038.27
8.3   205500.64
8.4   210495.44
8.5   213140.36
8.6   215936.16
8.7   218659.3
8.8   221438.97
8.9   224065.83
9.0   226773.11
9.1   229725.23
9.2   232633.94
9.3   235608.17
9.4   238626.47
9.5   241786.95
9.6   245058.73
9.7   248411.42
9.8   251812.69
9.9   255355.34
